11.018055462616445
9.953141859312709
11.214052030296598
6.671148260576563
11.973082647915838
10.824971862474866
6.812104887393094
13.078092438469021
0.85203315315797
9.396980009363462
4.7018314391236045
12.112993489857097
0.6338109592099002
11.140722303997885
9.91747515645957
5.364614225436043
10.531013104467647
6.3190898703884715
5.750297422524916
12.172351633901817
7.627555148976966
4.189789586888004
10.900661987098234
9.05768935250183
11.795046439989925
0.628463897953246
5.140863628789882
7.904464223894904
12.55915105539377
2.20212009699181
2.58508396027236
4.856426619401032
7.783010373395249
8.020140957328396
7.8296655911743045
10.854941922179645
12.316119032158173
5.4345985804636046
6.649461339280814
-1.585689555858086
2.091160308766421
8.61040518129886
2.8741876678663703
9.847266295808627
1.687163861907061
7.051360885736841
6.786102403816901
